4294967279,97
4294967279,96
4294967279,104
4294967279,103
4294967279,102
4294967279,101
4294967279,100
4294967279,99
4294967279,98
4294967278,227
4294967279,227
4294967279,125
4294967279,124
4294967279,123
4294967279,122
4294967279,121
4294967279,120
4294967279,119
4294967279,118
4294967279,117
4294967279,116
4294967279,115
4294967279,114
4294967279,113
4294967279,112
4294967279,111
4294967279,110
4294967279,109
4294967279,108
4294967279,106
4294967279,105
4294967279,107
4294967278,222
4294967278,49
4294967278,48
4294967278,47
4294967278,46
4294967278,44
4294967278,43
4294967278,42
4294967278,41
4294967278,38
4294967278,35
4294967278,34
4294967278,33
4294967278,32
4294967278,357
4294967278,31
4294967278,30
4294967278,29
4294967278,293
4294967278,28
4294967278,355
4294967278,27
4294967278,26
4294967278,25
4294967278,24
4294967278,23
4294967278,22
4294967278,21
4294967278,20
4294967278,285
4294967278,19
4294967278,275
4294967278,18
4294967278,290
4294967278,17
4294967278,284
4294967278,16
4294967278,302
4294967278,15
4294967278,269
4294967278,14
4294967278,283
4294967278,13
4294967278,288
4294967278,12
4294967278,374
4294967278,11
4294967278,10
4294967278,9
4294967278,8
4294967278,7
4294967278,6
4294967278,5
4294967278,4
4294967279,132
4294967279,131
4294967279,130
4294967279,129
4294967279,128
4294967279,127
4294967279,126
4294967278,216
4294967294,12
4294967278,214
4294967278,213
4294967278,323
4294967278,320
4294967278,349
4294967279,322
4294967278,367
4294967279,316
4294967279,201
4294967278,199
4294967279,200
77,6
77,5
77,4
77,3
77,2
77,1
4294967279,198
4294967279,310
4294967278,312
4294967279,195
4294967279,194
4294967279,193
4294967279,560
4294967278,347
4294967279,189
4294967278,365
4294967279,188
4294967278,185
4294967279,186
4294967278,184
4294967279,559
4294967294,190
4294967294,182
4294967294,193
4294967279,184
4294967279,181
4294967278,310
4294967279,305
74,5
4294967279,180
4294967278,178
74,4
4294967278,177
74,3
74,2
74,1
4294967278,308
4294967279,178
4294967278,176
4294967279,177
4294967278,172
4294967279,176
4294967279,175
73,6
4294967279,171
4294967279,170
4294967278,168
4294967279,169
4294967278,167
4294967279,168
4294967278,166
4294967278,165
4294967279,166
4294967278,162
4294967278,164
73,5
4294967279,165
73,4
4294967278,163
73,3
73,2
73,1
4294967278,337
4294967279,164
4294967278,161
4294967279,162
4294967278,160
4294967279,161
4294967278,159
4294967294,407
4294967294,1078
4294967294,411
4294967294,167
4294967294,119
4294967294,454
4294967294,473
4294967279,160
4294967278,158
4294967279,156
4294967278,45
4294967278,157
4294967278,298
4294967279,157
4294967279,299
4294967278,156
71,5
4294967278,40
4294967279,155
4294967278,154
4294967279,154
71,4
4294967278,153
71,3
71,2
71,1
4294967278,297
4294967279,153
4294967278,152
4294967279,291
4294967294,428
4294967278,390
4294967278,39
4294967279,151
4294967278,36
4294967278,148
4294967279,150
4294967279,570
4294967278,389
4294967278,37
4294967279,149
70,5
4294967278,147
4294967279,147
4294967278,146
70,4
4294967279,146
70,3
70,2
70,1
4294967279,145
4294967279,142
4294967279,321
4294967279,552
69,6
4294967279,141
4294967279,288
4294967279,140
69,5
4294967279,273
69,4
4294967279,137
69,3
69,2
69,1
4294967279,136
4294967279,135
4294967279,133
4294967279,285
68,4
68,3
68,2
68,1
4294967279,284
4294967294,1044
4294967294,185
4294967279,555
4294967279,298
4294967279,281
4294967279,282
4294967279,297
4294967279,280
4294967279,320
4294967294,389
4294967279,263
4294967278,260
4294967278,174
4294967278,63
4294967278,307
4294967278,62
4294967278,306
4294967278,61
4294967278,305
4294967278,60
4294967278,362
4294967278,59
4294967278,304
4294967278,58
4294967278,341
4294967278,57
4294967278,340
4294967278,56
4294967278,361
4294967278,55
4294967278,360
4294967278,54
4294967278,53
4294967278,52
4294967278,51
4294967278,50
4294967279,315
4294967279,314
4294967279,86
4294967279,84
4294967279,309
4294967279,82
4294967279,308
4294967279,80
4294967279,567
4294967279,75
4294967279,306
4294967279,74
4294967279,71
4294967279,69
4294967279,67
4294967279,66
4294967279,64
4294967279,63
4294967279,302
4294967279,301
4294967279,61
4294967279,558
4294967279,60
4294967279,557
4294967279,556
4294967279,57
4294967279,529
4294967279,55
4294967279,54
4294967279,53
4294967279,52
4294967279,48
4294967279,44
4294967279,41
4294967279,40
4294967279,38
4294967279,37
4294967279,36
4294967279,31
4294967279,29
4294967279,28
4294967279,27
4294967279,26
4294967279,25
4294967279,23
4294967279,22
4294967279,21
4294967279,20
4294967279,19
4294967279,18
4294967279,17
4294967279,15
4294967279,13
4294967279,12
4294967279,9
4294967279,279
4294967279,261
4294967279,259
